77274516183732739264535538929241979212797122935671
38278309370699040651703787162311744829463666606890
68155952452217257910929672147640131461485269984211
30025414221210040539207573009471347055452768900602
35595452494707494406386557182488400103238438264109
35886824880624998556915722000697416153951236997473
28443138318010348621700287069583826403620740185320
23597721824976060768550597215708963213150306796100
42036938443571060030751968819394886492047974473267
53735113944581016616347011283474616921362214611013
9502911136186666372843428744988583207926817777517
33983027456337116133388971626723594346597976345613
94357005346345001693626130237742430779661089651372
49907125219926127454011131793186039806773863219789
36362226153175454562157267122945533194845153778898
9202079298932468861983593058841579540619339050293
23871514167143068688488923846768583295973539654027
51811646529988510511046598520660891473100044816550
23077272040726774272910272596372424690657586489846
39701736255392462908135848909969157140165324396584
58640171601370099725390076122588056654951674140392
60426347167647401467209536444651509895940860065851
80308149002870517382389362681318187196200477187553
97461719550920302320199132481685293562598732630062
52040838234848565795188737125705466591897023265792
45703573975450925824957920331116623314562264454341
55814241119247132692220407535015726001791704425364
82061338748393734763947874303434268100854039259614
53792470756452279144124266907638169933769421282116
45444344303974415913699234853936162919706436776790
75204471472238624631859427976415594380584784327417
5841807890519654198162044739713576655891068836791
9423570088348280984040169381191723513824165935768
27115034494425270534761236249655834555315277043075
71134484515763664962111256721271331718304505419094
13663347078349585701460692868692201701612329587950
42088906830240869902121536286564900549167200437829
41421587916818903343386662090650496202460916420730
29041808619002776109444260053113032207978927767051
14578383217571026293885952736595433764561024585634
6473084758423560940368462367416005579120199572576
17667822526301988837324513828127333333023809998136
64022869854435636593240306214579185960691940264613
87618661354066434204858752248390479858461967828511
73420659845571350803560589598069455093105417717338
30962177609801040189460765630785545705654947371420
81691010601273700831839178947819632190329034702099
53419367643943246067178177884899800105446462372907
94872563327591457124064365267395090506548613614714
38411670270134585647859112340886320191622270711099
78791099740465318999249460269985365610069014406111
85337263613827442266730938390088273024443808684516
25700065314487949229578730694710348289740091809527
19422470628786671517895491472027081048712615267188
57344010155327961314611193028783145289155443088666
48189977702551140052414873889835710738273774534805
45215405104609046693384243991147982008319352324214
13508154563550995270401634940377743334410746816300
16291022365556600465822212773049639752962084111254
53138138420217573544292003196491267849099042217012
20050907847602665441998417740001404515930755382338
11288684904654456422236817748467410040280299904953
28875215570538270061717205765318754229683730531874
10903114121423877127862022898574008501438363483088
5910844239527263656783921825207827118480259132195
64020425576182545149016237371110208828396287287207
19090784044814453296394837797580276960522678040186
28463839234160894839326797341454016261331980536229
97609402029113469568186377666948871948939679061247
34822077865206158551738088242909656531861601888791
60982077067461750170241885421348439731124373427596
35129145927028189091018676088448918839237182848879
6658638545315346747839031139095129475983724689644
71530613960128378791905702336522757440711877513915
55108427249073465862683856792885894955086943108400
63838125308568437255708397766447328043180120041744
83388738907884154530267219153651907570995028520670
69769463447910919332824084516042492317673991327463
69975253662862017038560267578586109200628355013542
34434595494963160719893685596232778304606285903156
54257143603553161307163681992664406912541301566249
49744513726540102095943684956769175839207528039368
65930102441794948055019285899742291695835262102897
82499112444066957552901901370619987087116811704329
21698038290405436197635789153953693876923810851911
18145221117313920673440931975030291501034144698579
47206783582927077940393013464396539967104868054830
66482012486240231929761683196383625863803641613160
93970072416573294357172446768006716814028712773134
95955869121099460848907620995625236939160324182102
17440952240477221627937555155820917184372146839336
15631831455530973599422281618106122246651529086965
91837203804481432618051841533782220402637919580916
53792479782799756337857507384462771448689429948974
32811842526512566516455050130812586535307391871240
10916496160537699014187351818448360685655202375432
77661715634457200840937586049170194845891704169106
66528898290957039956232511082767890493136825209396
29108410970969325960257703731781050788399197668569
47268088444156615542214360886487613295705653597769
1199130878947259818940838891664234884099583933619
42399026356271276774487183841814659148840786355572
65746303670176876554214180475335864003498041830701
37741873834985502993754602792975861337571005302442
33789214962916024360102340674659474473916375638128
95356472114206258386800887346363005894043457181560
43333447948649804850717264800464024488560001672967
70080094208298141947144464441027759192729896026984
88486230891616380012789422379985875258788250074331
45583184584621457389353808180088163217831607009434
96514098562201395328205906351997885772015070705374
32949324096227390409153228063491776031167873493041
69453649914012200586069594392582317503354237210551
30254869940248572958165023524310006151232206449574
73203104527906483259485919013390061402593311697132
22220993155684972400470742316870016558523637002944
72526369667409993290334649583308839398240299277264
46922360602032272459673118312802235408844101961021
3864707596008586152576655487596793395618149596893
87945072613440916268152270275350369094516215145954
6651449047874948028651562338289111349467997173950
65490836848934229533924154521690576096408046574381
85382269462978646112800381135031488523282047625422
8061430328871101108892167482627645120837838491086
94363308838896736548165329384748337748879842239696
36150240958652633772769765346549349357982614809309
78280234908365599483122002610589167061284249431392
97485214431255243335249420764011480477112988867323
10492573045261057306921229634061922735584173953897
73852197011693432163935853996314370700021228687649
63212836463243650790342983516575777024698779475723
83923436689138101445375720930400904373059509575485
70076359739261886921849866733899551127227858739113
58104024095848230787014139242104211098216175729273
52946449737205724909104613451153344533106445641450
36123713808549902406246406048375542029952006906653
47075646374500259396489203213108781583306172466105
58034110208154015683961157679353892495356405119347
47392528063994025974687624723218111300796763080985
76805867161323771269934069353186016058667180513930
4776242459107353347208267900618469128998789306539
70218711418475594805540766496713885486749882717903
77048506986632779941231757271903647592218278986357
40765075761083097069487307485648682522729305797040
53505522547339281779526464759568075073758717081518
41524424752950129202372506483934688297412428768974
19804188560215551531010946435102762209627644626908
3954069013355896240593570393027507419147351610020
49328612068918354193441479646413596731294108699098
22989695386463491152416526053864627241406340681257
84290511872124965330227738339547484014115608648274
36329915931752632200668424429486611253484422890276
40585745383653113615433698584818460205254368735214
78875304210120032316256064890975175332650931966825
49383923816604164203006621745778246846842199472439
73813728291925205135991763254150184093053036858130
56313347446354025542731478334774339761299024503526
69921082735090591400229775207388760227249898660690
30036354288763027723169832914836370307433495547080
4481622033022717280810224888767331348297645997142
84397927976673928099661490737469306776179234815830
92712087614116879042344174237304400896762165740310
66935253367020457119935160163438134424328018533855
86124606011275232825062880016918017265759826283
23662659980890480149793079593195874501457831364572
53916178616526450202207994912908374528317477049316
57165711499764824585032417420579989202657488025436
50808159794142635927064576037867510670039562074307
72799756564194356932982262224784049416058154748956
85569501502691348423057779012379903526435216343130
85788401623096301233674829710833215959816504556405
84721979981996502592422215128754374285929285371452
41977776973779819758975441485206213636306341935484
54476955654873443047330738982532040412320836106273
89307798642796548480116840962669245998622474898814
13085179479272765769804540298341268090617889025294
1166624576818036669639852146622913271141851626875
37160176800997515737537836961824593580334032957963
86951264054828592371151005056601283329306548832807
77449586777733224174133755075752173857340295082966
68326792926613153721996511162617525784695772995611
41854138579294229635973491169535468705076266403400
54048830018671784050112908769714767721387003642220
84276146472802456611986427953377171409639010114996
78075489037823776620313704941692526934138742898854
97069740466563874455647562304608734467923705052616
98914726817019292541643794957499241081639350920081
72053275816840223365379238836985296617556342412908
35754041553570496170802071208584666716132560233930
6683274422420048919323787496836008320978562674908
63839820188603100339670913546178763075273025168471
14979342842506408415016464789987038521574549358782
74252348804400670044831771143808530109906506485099
54878395014598358869934172067829905596148821431597
27630085528623666099972543903097087761104959112839
7396277760384787933988359449139484351548221684930
92501274670904451417945679670306035112364219260067
73685977068925703691996294678952808267510632730754
53361788395305096043492523021508541186249059389416
59979745703767444185817964205926878701343677676393
97810436863022617440650890466235396153108679238985
17559091758001927512403104526634609345740215278349
18209444696879662297328862223693591005221752952647
40995838631702707926824601001271013206699950774850
92003363962311949848381259707039851199700156821641
90106522615512576263632650257977667754840406319372
5215883173440486883512469968067848412026695890175
85534387564401252497126481212307506777073669584077
22398030922594303770206903009834930494667864885137
10055226598459392639603744394866620963114820447517
72420199157420264875533540692492550501720825078924
71514541640976697409703455235345335756942769546432
28655433108047340163208606061238574989691432242079
85972254445640845827575853985298887468582605591894
15925347460714422764157025051473814561324729697315
62969592230536247335862674457301272404692661256626
52920620178678105507467060618928562788053259962607
45285482462201338538343680828179444780959030971672
27303127566845182664085586052924562989276537282456
63785192378445631558822134908673780512462491182974
27003910284986457337382436016000563679101600164525
38759672464276497091333750852514911452112427088640
60410503215756568582586380651046885168238730599137
34020379913901908234483753145893785784303875584514
54498239578329699590772764473770582941934077954533
90300627855149946304446539426115637235486525990850
32341699558173066206200489878282257689622845879984
54149891659926673980773438276351283049032667809071
11582680573953184624394827921724667759955186556435
55193941048822048172671143675425470948310467229535
50925948419389500953434179554609712954910035023764
44509702277470524184510808437438954447894338632609
47570050192451127517708336421611094360775560804623
68509921785286306734715599143847042021930336351
79998827361823350419105646549262948204338389582175
4792142699970148087962765457412964269631009646727
20235208042673601022960129763708205364618622022392
30602724831589008525829437257982190327491129290222
29469601418186300873459643660367767353847284088929
76541500317678658729869259769718874568695915554999
81968586863706884869495178183050988552552099062525
82541921863782599754699376747902226538400689774135
20731176149842796850528243407141654159405143530716
84541172935028320692476106556941854421985578228010
34655648417165569735451284635281970704461404802484
30718819760433241581656746421823993595022394025840
17801374669043648942150028965818329648628772647508
64457069925180904185955511415251946184233760856488
9568856469484864895710714596268247147822228348216
25827972742165444900081066734887734996916587035986
68339019633276166985278310859481774209474447847829
69334891775834613727007775472546667841882289458311
27756811563579770615346268323043604874327994938208
16274844366816219059514755975121246478997223546868
36401914660167311345323416290272090617965169483439
58679692965310289463745763379904729033776080739029
91428904806354928434311074135367559443008225366772
29522440134632041189143682023660048324597867225236
41546733877661807570535684651450222463052319447653
77009236408537939230370270587820898449390628551957
91801530614242544063692816149755059792831937580821
14278034715222304702681118247562135207859997475734
61761942476985940879622662361349349681279793897474
54083107088221199806159334237784004858433429881163
37994933493494236540513901552123435165631751181247
81608286140714063968719841097293786261037236124439
71692159400990085272757589322414151135127595749955
32020984236363739400550713966793372274960374123458
12073766519342422180924662520429763292892690646465
37493683058124349191402313618587464537017327519566
94124869750877584956357947791043381517066808028280
47716909167282698044503875693213864653978668936421
94654538704701480998346614418591600656850472688374
30645147906860181783389415473547196023274161749766
33945812533453870533928495767152123736643021775121
44182743874414157766191549213415155699647822456177
66730229920347725157019876676998897992177974756895
32069034488867965420224809165270574629682560313548
35106453651062629808344043242280694237085546195463
88382812880509165799826109773259574876389919533127
54275911284440445112124571264646884466824768039255
36745461645023083725166770385450291528202979614981
95500631203092544747800739111879407690915975845507
5022309207006038572561746033452230663733236222251
9400146017752317698548961304218844446125068718713
10612328539349529147255604082421826848391542440136
88985328629476857785524556737660462952111759594757
33042681952162871915146906677341118715770525848133
47938785579052598834533838734497310449249925666335
50244696102642902640960302606728691383008236102245
89776788522275956433186421248461593422544165586168
25838269803629591728231125080062558779653655244214
92007174504060546604931947745961206548100005260182
62996945338848758284342359423101202843833912133728
59518967384724841379764384696356947330823445473785
52731899404373509727450604209338536466355301623431
85345374864707105237023102372820895191532711773684
14700092414291145922788825006295970881494541988710
36228188122824015090864286681047173620530529291888
98930850634648700480969789970049047304999511040311
53217692942675650023929348853167917985259254000157
88969264874934400023746459291463975365828380685661
62154272464392671963527831823635593468796662300462
94426579646613211492460524572324863172091655227588
13857015146636434150493051770988988555771907318288
60655547503900128402141007280355405720836560799707
47930246323910190215032107415275654965456826077012
31020750244859679375485379162788505365815311243867
40726858935866172371921788374854029111581847921510
5357146879808619888680167514612514637007873341683
99491664716534702982683638438780420401517485078599
7079756390329886588703653537593278045293448759418
87339938449425377944474929899108915129088897457461
18974224840559566219498737741460616040779960847264
50130441439745309366943144878709669309158658026546
8387413406953980111873727912135837099954213176388
79992165382625963022096738172795483663743424777995
39056280557156331459302373174488055864515829548125
56706773320779416318511503402326629794804351161966
71809198334797565637462683135132604482910502475611
38818369584702765744886414937511652985121046058287
7499738619479903706544973973316495972987857595534
69872187034439706385183206918870614451894037733676
69626018261287847079610552586401557184931936935475
28190160203392651633917599682888030318684162513872
40656482558892363730105428701257950143883240401391
73734774730245794615331417391053848200569995920681
67132809037925974775439621385931942521355267747707
46368744875688975974764923595004869069761751442968
99697556318021922159075432046657869881210413404150
54315740036302987346419927299892581101382705840249
67887794227567559185860133825729738043548103185890
98084138239922213349713513411553051043256787470668
11213670453215086493509257760389260165883968847558
93701948536976101768959479115957947734434777775571
92181498820223718449165637797182136524434091361102
9719289518089788880530160036213933847855292395585
59327325585579419109237606557006550537023945480274
22125318095314420447480161720130768685419370318253
31896276821749155096548785298174223599285687257495
48433845650474468042043978310730387401001477678356
12171202107360496419720754536351662369316168263351
79019787217778367632753651160700053229464745176007
79531445242818317398652198351553434445082986094258
95618615855727284202261903649117487684684377074042
83357765753919247874566712936326852705402582700544
86227516967724486725186604239155183911758602079187
80238176783191042830579710696124051494635355784355
74651028305431921246478980734902058655869146485490
68690616063203368112991937786673356378239922141392
26521296850277377536551373188221641212132765629243
36819680675105289159261799558259331249543577938680
48915844319526999314661251369510131124267801958504
32501446687911316201015049374913095556844046760820
801753542051432875375995276366974988815877588144
57009976722641627394132431795714714203265087062371
63340350282408487661792893646084067188670356948729
85734863188839615015738354702482277671660082393702
66375100781974660336782430277294223861815969879091
69764695073086025573320795104586294594280434256110
25210766212429280186833739135226327520848625493774
78212486122567194817905250153720903548573818976024
90599778545225910592924932728271007817456840065842
55841205449884060166762360475905818180913146779616
70705023249544338033545131089617041942942955367111
18941950858124302636377886781770989180347534276301
80499066944449283704352656588818242819650667313388
64476637812435234335576074343305596140235584550553
5182253987689279634852461431490050967372610643386
67902947088491507964811910483999782807238178691776
52500114031431680621582264162745096872698441181966
17208662782339690047896836436948492419155282226404
5373563705519964639119052375335543263262925541812
79719461916674736153490757481070302586890978296842
5431787513988620051701634659983386162685138461610
20148042627109751999333119324844178980697043812120
46497798605606249045507834160722050691781666619158
28518987250182424039683016975409435531843466524675
65413201934760622039656430502792591956826878226368
73485938109170016412004325524166815516125375978083
11221161956113063415897403817952937735526378302615
2497554544800205973671985197767430506572822034427
90710736906300205344291391894013732877453739295240
70553061541522796075188466119459366587138758368815
36695933316134137241940681814760073217165811808957
10945646437210948004470547002531468520174528086552
42047208478466663711898525982452208429491875348536
90234687789079320196040396673731466291197628271623
92512253666524508587887682448601064419667900176276
48373020355237290682922530396415091447952038644797
69000479749304210012445880597164421942373114207726
19997096810852782975184955473019132138491485946838
25780828106760345914068040192852058120703505350576
21753549508650077167119351787005193033236657192825
71592740699593204132645782877797264506176854502623
19931692511212776796754090378906153630775168751124
74542379942283844977582926426534275345669383836605
39933977247576196954416320297544427093110135656324
8594033574158852992990408556890279937248124218851
25154902499230698464494442973258498394770112350697
7018077936449432023776581675678499466826862864596
23466259749603641989427641887814211212134111241030
28346927530821569978676710144057112992567470832492
76897226377579871206372990234991823857797597285996
32472317224336243242242896428043182853112045532605
41727274678642046952697149663191542815569990002779
68107766650591635267022514467148890916242102852035
98799854171306904199055678684668040540103946134173
69039064188416923649991266527502057240377125683440
1518507958055584368544582957110658165479553451067
17525951346693208549474174817771399582977509751503
66453774840635789773278086837868033399796367832496
30805343642616625061751483672529803927733111415220
60786317253858412769910906170645623936454242659897
30000139975708117875581404026671732847896734791514
70775797982112226097694700770227801440956762947128
85848767668134150980951096158220438896578357741442
94083764053862551435776654365529168387710432267047
30137312301117700447894413921035665557985081443540
52030720382146883880163784138737346216845182270565
4366602567413141584943987443534084318484691499318
36863833215784539777416035380176518465787745591163
86410770067709297502818456608471798741928294347430
51399238478921821534285557459552766734921197133222
63012659333835044119747367231730993761697702144016
4647071929923369402376181555175166764613899393683
55721239069028481604526564189180966936018237571139
74052323002763389831065887086337421315594236725928
67709993609620639603604009120628427696378581825277
24259247201042702569434389324548505187398360586716
9148083901424667408189454497089942417232478560384
91616214902886529353659570381252715621250437567205
9540617245507451534564882527648088492499450205654
98834352284668739401768592695906497691081286799266
44019732687490754436613822037617269438907311578498
33222520231807334092602304554745155909813772461399
74769221159164165378792718691178276732201667342871
93086523307793601843193425153423212353460928187166
56904745825443288037234262104299412441798146811285
56172280467820884238615548297002278627198308329237
34629116604766691615022247018420108866056412323146
67181219486355719073506619882142198096494507056369
9080575375442144517025916325602201769733412466315
80670349418706443156380168367258390253113123369318
18134995067155280002058514672212873027781348408006
82870091006279971001399782521687745751236217873495
98229789235624271358600923013226855323539822530240
77062065697133311910335262624537823394686870971436
38553412791440227102423090248683271335699651824464
87332291497131766197584255553217184043291913649262
463641072814078004876656858569204306749840633092
92869917424921935076975596424141101535871611002497
36911010304831177793005461404556879512180007826304
41403204204375176760070085275622103550349964333959
36185396830357810422196830612228443413862797104885
82756292052454163557065808972715908757156817894512
27301542275673889941764455025138632890342926014433
2920485610925183256882594836400755606314774782584
59485198825691256715024462492362911091793216032788
8268309863580549246203029845518817457150852926891
53552789109209219220897461581261821769266086165687
27589611244110036101573344693064041031988780433482
9037372856926454143596682997239247284895460195534
22834225238830032185275943572679886493314171782694
90331571513785151407399231485599496490480520820198
66852303147277053538608824999396676892320076059102
41151208024492356881169901681709460079956364643361
45983928308654189284129278594534312560878035760186
8294245059166106666222869892360584754384140172511
53807287243422809246776396994857925905638578268147
70605795945310379393508917184133690395240562141382
23447951492198534190730166041760835808075918280945
25969077034712648883056594265681284535935934296476
27583356521898090070176625686567711925761403053625
97496713172871342516700281115053062261685217900120
67633727698878508408895739268261757651210692336449
83998276354879533644553671782789353818627384415912
9118794415796582102866667099485748680955167375976
75654644916546546132313874460534593721483902919889
14625905137387704417167554659672947076816056521807
7654032133643256773842534329357247154179959771417
94497864294648807442453741762734660607865299206366
62575141724657854816438177065871333920447910473304
44167473508028652185354811878268526636019515549698
37314175300512054995794593825813900111750328338204
3650018188463431897072038004567973573850850686888
30403137613612867001373241166979706866438670361724
77389752795818316079719524071682884145255988923067
43644622848406408565812089990338837371244285386879
70055164654844405301454790438858855240846624955506
654574254833946688320096674128312191072185713909
71496413074306570021716724942444587481062318157090
15552267217026969894062762230705125009942662512482
1038877729309703816514637431041845437324170799828
4890104148614064856620897810135614316542120682418
16435996116840784641853705914975700496920458070656
56414577163815681160951473267147783182816998111307
55704080592562803530816580810171721922486648047243
94571338442687572460348284996909495573433006355364
25518323284130528349495814951055673186089686458007
7093841991421151562561611830636498424994167132210
24664410341819416613784789138732592181394739198364
90784155323105652765414166122903481409203322235126
11474426961970306592647483492574214181652741172558
93370932973980801164868608318949477176162194568579
71463990479595925562865855231829359639353892094251
41345534085982534712127646565394382311309194787655
45044898557494238382641183618613292832512893426280
2580759479828930990976009088777198225871930509334
20317386509626934794251938838471795567809873719429
53239343243560503620140278533152840006361053761267
43268083280250933688204900600566883078332690855534
69768638216308712758785930975678291651634911282344
40556422096926489364906069933292263898321887404599
84250910124873519659080181786350990675262631947548
48500683695657737007897678391205973291153431069249
49744557835197388404649487365812404622737946203532
43032307835101790204649178531697947327649318746300
62303867098954138464876338209365256646649057770688
1663696305849996910340936857979791424910872504681
92893977140656884491189538047391271503771037682962
17071694116520086188057129320239343900993535183561
57351879694358746337504346485515650884744168983659
28797338663695497113906478477729376879906178970677
9223433645356185384503516318751788128224827454133
10327598411444998083397138012212760486963612702578
39320612892959425782525238931518998702509619603874
76404205531431778408034041292114156667700494177085
74102570417277885756193187595868211069294855765197
70122847171237075979521240966707381932657457857911
71362216107707772588604613743176935405327203563426
81847437782636837264538985148762821009352370782014
85542610617363719524960896778404246471179932914324
57901782060112690031408632133388153360811793999997
47391371027954641574412681004031963241030104798408
574627420660354409907847813423027782726437282086
606379958883504212716510587444348676033400121469
2200738731852418615659211172009125863444493453855
69041281672919792527634834381329864514095768923214
40969134970429262714086675093028978490601265406847
40966081500061098105232852274636814289614187429247
96639103165898846277387815100793583059116410295198
40575800273186130736047470826856118011260636352847
39799087742411008094383164882659095525213209722529
30166709860675986412339321959577331827896958013889
8594073971588079301228830974429015387452213631927
32493593538411194666066381145002613410745572641340
30839900480791861610305462671423756186585341657043
84403160600040503735104654563737469078131520232013
517134911341231463975920473479740975283038209618
16044021297540311851125866816320570721970729894991
8167122023522037251357336552941788788879402916234
31804267914766896219417146001372627860002287172923
58206963047827430079130343074793220186754317967479
80679813616891753727038143147242470554150248285990
95116007214465755511072308320732987019428643149525
48218759254779996572536598780656494911690191211481
69904188113852879161834666774532102644081273785466
57607769699388162308125715770768132506247742505432
25306258689081299184109373041031966599212028996614
25487511071381773681495431487879629080097089770656
16295550212967167825726483467755416059391302805630
92063213190335647769473954565140808678352723418787
79091859964339263802668896283858611954415879798188
90791823960524451569550764779047317808369727722889
13915510668498199531948971836541120932047272689931
45640661220107354171657461217358140852354876269253
86039037890210283832905316923617502299891423800201
1653232086263282389100937052137028982855302072061
37536698424329532002710341089204663780637046414592
81071771889777952891482406366392563298052967670360
5165288902458619065704907077831459305972725882667
95895979154443699407815273675305978514630448479250
58630205804755923739334497914332633970120435265152
14703159640361145464398300164012336660634575439562
34455748982073717840351303465339413013739449840073
59946311143253770723259498087009878537834157336516
75154350393258932896157021797830071768990334347561
52205925103892733260994394365205217490738537384529
25531357610723938350290551967478965826588312185110
23799321959315174527653618654561300544573024682913
23914736861246487079127558046625629099931766896402
11392363960475797669114935386490342476245261368012
54368505791459766316887834481051545476482330773043
4042715316438836770814233723058825384539694113952
88637029054068386566159878551564524516188647538755
5258950620995301376340278139313882402741240269396
73274800844534695168749118346861708533246275250229
2005773952650478534549694819019957374635324334834
70024687130148080454395530634029050858133127475903
3854762237655806653591137563519858995821994894624
36932616988826373833050309297819098076227990662985
81115129867453237389142652666609009411595978392345
28852752348036304757477126432970644033655171760391
21553902795794859079162914346267776801900363579147
53027245847381860926132172123035680682579784088345
51360482911846074580958676685757849786828146843516
27093939731434607197988621740522003871295338522238
22089955156026444658060521919293108668888247066454
52756742648505421193424999107843542588424352619181
5628380736707032531815252030479520027379423784759
45632596913910902560921128093740943356623855137621
55730715084054366902194250693745422582642781618997
51558298181293263206675104924327499007293618505763
80959769849332223549061600099486275330351985660537
20594637124755712041803829960849300574929487335084
96134812337247675449735976495154119397269322013592
96779491064137991356108393803825438199903291933850
27255731002318126480246618215121631534599451808683
83139956420856869963185434041403802001964122016604
60195851516946691392826041732544670249117711787882
38623030203333165848906268883746347433550588423100
39468550736398040310329287413754353596013635835150
76375159174459874337063806027873314000384947886476
81320237933894113860527109176734860579728542336654
21879171378799918858700861785049794726886157712004
40742351089070117236964587249843447439695879583727
58728696244885569964821579471391071795882967120579
64999960609893807212335524411317744990034852845546
70831266519275893547437084210260581269722457529268
64778514430655281251241950905165117532454701464152
5643048796393964150537072640665500541048849438676
77473986347847043470083641873480239641352877900133
59887826433252347954445522683453107774336907313320
67463349233053580572463703180847777575049781925302
34527088625533309111086726189210339601982887651370
28471811462613704945642192428404837172752390835385
77398148387564286239993727446701431670644688017021
49171217012208631413549112975060705788653989717938
18755846838811877894404863448770701997497257106921
84632437599015577734787061101358728411469104852369
15168909407868520025607401560327550883084036343238
14783746003220890809378162789323776414288844396163
24792865299550259361486777797928044835936191852430
72582021033470844458107024305932274920783381290708
8153256979848756587043538854706867557204368985304
5912690157583495321172266336044493743031507773488
25865894312610824564287929018480774559763474640531
30771290791544565376962915159122606678395537860938
26753212332053672150448169766924694715624669837042
56547263201523972074868142129564328285801426094151
85038988414193530190653351623487223119071179254998
16966657344774866570362327052142702171822248414405
38402789652961641338531457264678136505290295251330
52880031801407846508092106580582126716119274575201
5083263324536110255136643917240770779186246290148
91252025148174669645310973428499320664240799822002
67003638153965472944275952396492987382587981145614
67497278138351919038796166022324076062420378868171
60173994913919011264682840970946922955506047173101
72599464890575585838613223765935486232710290207253
23810738340552124285284683137185138966944122993073
62489420346009937251534463182938496190916888950190
22984571108202054449114532832002370536421844596200
95354904305079002631005209039339488327162751778399
62917780699914033664119973049179143755640487115447
61568368680082298543428494953494716604714939926204
12017675769936059532387338013739669683625876960273
62618332128922705285888370120964310857751018097718
12113689760766562594331214780100084699078457046610
20584983656812984828899826506401772660140362539543
75467104104532520354978554798618759723803324844494
41864145099413240188695779619954762594314815874489
82035527122896062937377731526298427610412901894428
51967802503940660095730985987904504226777603776348
4956054070521046320597373610134778145782999798690
87220842651343501451492936592983477618454111052623
40013641391780905427962051960587771789610615546199
91168462150340114102292436598256743205752665631558
27741803968781413964655378289661276779853319653828
10241391382297545801123492339691709044011335836451
48169354452675902186698983897856807524456925928272
62796217318670627304056371917401974454182454915922
26073599880651014718992771509177293332294956239170
72490256785452246293150629965967678134038980196177
51602303649780699462568612855744086882884969535512
37890144557436796422385170309431557636411300413334
87382606887782554073300796291745844909298403840604
44560380263000280945771701256333311846836761477540
36752961290075633098429051163695405798637129448284
63132356251252805481574108513925091084867745769642
70582425864911712794015552927789151701493724340550
11404315914648905454484892132544348960633835788181
86750819012597514296333445763884446459084689300907
62297881965526986669806248835068243615883665218947
23131047284417909665549700466593472737530181903172
192518109597221076224402837622778499931920321808
87699966034281284513909610251524939355866900547349
47576030418321367863310313534790668758957971778353
94660698634222319896968521751726740269382296869277
74341670583225600487955501802584372956373242409121
90448892312113014048899171923698430383940633857401
35395807276296119339853009460903292026920130516091
14150693195426624071733829260327010715951235285132
50059970756713885433182053659093812533572551014260
93007237913120790292822950652618924697553584518913
6816415974655650171970378893183004354254885594112
20377806440463864191021546447807351249665957887692
57587153789949490701244068386624730784655846761271
98634274430847972141658214833357825851851911471305
63433389426461418551035677679020690977983558548018
30798481436894203574373081643564973532705479133944
77885258938070892447716278045486952018739049365647
82833789349328924526441914285257614632174566249876
94555423917095590727511396328114925404876408995948
13332550215964871186806837848444499263789634341210
7171587386490210792338323010900403162246844348040
34074339284517261467351376230130290101513152176103
30407003756952304667213115576757326107456659999186
84572797359277805561788231980108821938169900725754
29293330979872176847784361829732832314775515069765
20211761246783684575801070997606300114380280984
82758987293232831356931414786186394091983241359675
89842743932852409468455409148071581510328534409078
99740652709030443102982808199433441765246768919194
95673676744075173175926121840894073070876471961267
96283869985297310713426465099792430383774682099673
1104090169540372014880631749396723089953986355996
87497621470004994423225876657042533098638540150913
40133653708206407267568951721924551760555639598876
17608675260253794883962546085144296660789348771453
14155679524119180730599015175201194222086448956328
65903314521464286178050002367800548157224472767956
83109606577907126964199073892152063697968794717132
67643018591495117646702943823161294005405652938019
58334449370856570438759088562541923007958299646169
68887660727540291141806261688379767181381565041099
54252133079873638208376067117412655036744694743985
80270712080409171538406949127405307325910027737267
24927922341277148335314151941185436142910303240780
24173110747080285291945176489137479843108100090718
7066724324030954615924850914807118080683221269214
47362609488516682685302295906492174342154686761349
2176581210693373787498530930045109201581712125284
92818687265046534775908900180931551386708485212331
47129735824894268787790625129907785184452507760975
85891592448805540241901833480030901266391474771967
61520929532819351807064519294422703812135500367172
19061098513357147113071983857623075110353110347655
38827869273075049327426583725293794369103258749960
87487928177824495164576797983469817514302717708160
53074796872032851923260156360236085431930989799706
88426595172564325856123096749638514253177273092631
36769113763064919681113658879311760749976974859454
70296784033654562366387486189495747599002933386285
28764988439373803777298487261553054001306975503801
77476419492509641294571983128259486110405537381258
58317237227963416264639297410504147261058472486811
40804106253738701110851562847136954149826557037210
25484052048566130710897153179739387939948822084041
6259925536376383862066608350198199299371178055238
4197232193843874471841397900718163490454789908764
5912444644772866272754650785072709088820935739369
74917860336977349009807508152744412050979136318775
13907856947113497798169933455873398833248874527637
67013007994700378719902287635814172790575574788737
36773073160403446435044788553137187197060835258208
31645142127496431578095510156028866822173217846596
95579730420519413409206132103064591662043916952462
64812840759962358046607175810655434069712862579592
97982945439460288011483670997149551207921844064227
35772539144003755498490471674006179543923354211611
13329500941202523476818599226630397382368076938596
73662788121353477644612739775713395134618928852193
13946520841327170736092088785315929421057298754728
26921835743105203380847108686023835653295031528300
57661043890066175257096375600130047932029295146159
62410265870405559648396466588186537943388416916219
75250277634645888463775134492707401393587736619660
68473205163267388642994544295157356229172638933811
35453136828811441072784223663454455474764755432478
58581165241126734214013359249150019366333049188718
74814122410527112959527424218133109093744551472606
94123959850962027307259987430114191739578796457554
62691057927140760396318277562398749762017725424950
90635444253043359163116483273843270390770699935841
81656885701721582632492920515654199269877639124464
47747014458992768193298142992367792428864783214713
28901591882086883770188519505195620734522052238392
77067746414321500613711537627608552404862611680470
72516360543919970176423116890935416455935157799348
98422767546495795840814457860961963805608424488373
23189053195510956953957106848273678649114928390246
32837830960230365742847626036124878857128838464351
86414719488297651097051493980202069720972725551352
23868663210325899290565509588670446152663364387373
36893639788213452576619234675542639508448872324576
79233794835485516469083108840785302749477671188477
33589747220474054252428761417191998131713542069906
72094929752111422059315501004630999546416195122793
16504280797928191163632971672958366958350546549493
77462186919172762159779536619063293755750677325237
41036533589061877037248644165982410047225903615441
50705360967078022720736206546545941389630004895389
79427986718086588256787450059183043145584371445527
69909130086723929489048231668649405877228834934137
37388328971885904906590831392601514572125049625186
54386577557545352315733357490731687834779568200090
97125954446293539583125918003551076526053331464373
20844229670527983487447143055477458561185065682921
53369553252208064196343434831307409674754210695044
29386363173454666889006543005882950730224504783589
52198309476154933731981319130797452517107348198022
28096944641883229224804103140183486271992892352886
14500051774884583346605117498082525845420877845323
2776157935085675828268770699371010426413912876757
42411389232412144922423739656102229208395507157429
39745972350298872433965277421613322885707176425075
41590444842336776478395987436321742677434106036952
25287255425261639200643061687339353596964487052511
93126749952852003509784830256149761982809797485080
39307324166005855501437055356490744134726168033477
87743461634193375361871951341048373143632422592283
10182946564550131375492914870100842997573088112636
44777572933949766622905359004337640110356126267340
15514970569320174500459588372595227195238472487992
46423021250731326340478115669973638918012298865381
99514127906859777497793951640049327101769685331132
57206034223094235891767789058870314223704836568505
30550143004237674848933171981181396541214913600896
18995090863802382954671118156242516904427889293325
26333914061796143710487778184404658689424696871085
27036313710713689991719196273778931112167502228798
14382259661352883866924874022334992770822689886975
23003957778681137307276472796379623008393432705107
90861059967204283711738599127394523490976904044127
50206907336185128596823613211953664776564067690138
89242386960030940239997657731342736571370050233241
44553188098650024973805773376444038968555571751794
65477697723170510683052458003926763627465257519987
76091560342487644766145967893634413846151752527267
16298513502804440712490694667569832583410359319665
16197866961061135821932044418291183242512460556071
34002612791461780852138415776977573791785500334433
312625783264462981572505676123330609432060286549
56931920861140105339379814754847685051114693565506
62176822108425816951252411056210595859678405688556
96553371131081279660990186807210756383810879325312
68338684512489228545193752459074248286501773659973
56166365162102921377137615530828745181721501181974
66141583582731649757127365111321401071115788673877
7870049033470493155434846559831801593594849779820
62411874008678743893812461838159740626017393891298
3646803750701239375072352420796004920320157134771
81497366793892868829369008024333514513811408445281
36711436897947294536043300798444520325376634679564
17756408178624684979921840651384313681739669602628
7653237895614409064118544451550790522078955476011
27958302206312108963055413454895939643910835554536
83594533883558953460863688671674452809045472847147
79642229187324005481707000087160960612236378394814
38865229859331091163713550579113838241796721327734
27740995936664794919438045625774894683027488610736
8426127029038301003164105578974754725322773550421
74224582158344484448039489498887003915364721944007
5236066238067067012087684976708882845601786949308
49830464684832415568780192768757035707690986946963
58694902804162761891580639917115398159352452975593
33125543384554465541938138575301015793984968056111
44234583888124814643279157824041617054462303502150
49104284844741728949254393071536062199743031573059
50445572570795721522061281098898436389194149553007
38794109529071865364472861832507468696376885005318
4081203452531997591272598358009366007275284378189
60569754536478472458576755734961107958613033679538
13951006888329337013242687903325788873587622421343
87485736703469472209382476129403071432864008582857
70139553278113241165091192668809125545048749649111
63103124731436111850982574802649029724795821089035
96168090872201956954992406685467994809219044456351
76151965943528981333044053388150058892088472667427
48240115922068471108695951236995720154609194171346
42811312508172500642118461018704519314479655865654
83523739756006184891997290059289454185986864059459
85939365175280075893327997190750066371648391306246
39390476146228475538036930733483516423523633982964
7287269727889909803944861614754569610982268275216
95782469989116381768789037809665634567033056435663
46001368131831823900161233088001241043181816359857
35339480631587509145763788613040176491378527357716
94566576114777805631404663285660994718197822807691
76940763823815723661098948130339470751679751854069
53256237706299639398762806609635210069343517446681
24657498595687246852790241020268236980277351591800
71671675977434253752677146685185534801293390674145
20544121668701126453054275458181506465987441151569
38434182184044798335271303681408812232429062212409
71918695793217758831209725691009994090337821715430
25705177774314694519849395717530050958820043970473
53790250100451315391718418731754168079330838700516
42496923544431319221668601766419262308497009601550
67687433748668627392100836964392332011817535781017
98802194765714980533107076490801636263175723509196
60942584040344437364790832661532449745620116946134
25604333047949156062417806295753358043513607793418
65264361516348756601193508525556367071576988176208
1608076877241346347146704100260589307200977260421
3041848410845562738384708086618437762437413157129
76292975479025218827957315321132199778194274449539
12789360638671969209593720688260584393351101966098
91316176491822990455754594460548307746893724006231
36346846926797865928799065770257903885715900894378
5318596653434175753660493961995176626479327755481
90691460649219935783548263184319302656671996064669
26198619935587601961627385004985279465606933496871
31413206663708339429626291699308543384285598848942
81773996229986467158915619751754655211277186809280
26044814347205114953320143423765713895597764722913
23813222286033838334224735263401974963485343232602
35397114748617614807052801098644650492975192621297
32217084069203244792219975887327836839069763450390
67996588836216924218015211204587395668901786391830
78010320180508603841061861381533892601283211510689
48411519404616045869005523792843783960041929496871
16114690976660305955765771265869312713406896416108
87657876704198868244147703663268865315785002634802
94034486003039219622301450326142002838757753717039
76209494782927827972434455237421476957747886860858
79205235342045970885048361141521036708630250202977
33368512933758914541387230833584507271101352156559
9841534125212206235367793669733017779729106169039
51795839914700371329549105452895431793950517187170
61016181134271379244648758563480636773499875257402
63153624652568956704686726844605624596700849762456
72126883732356218514706096625267665180576443314281
28604719495975333707193476764301621756634209830280
61205165994921873179034321126009384330874531560691
37063590071334062674790117025557653981639441940978
17313851425306193684995491479123413182619369210379
14895268336764531168209587567125278057388718347665
15014345720931956146009222676728114241696080884167
57805153507013931664431149103416109490594975957314
91403717844965727543001235957402097985210182161025
28471363867348707328873387132729555323729111587348
64051789001449929653839800201014218607523619920989
7540800503244185430857021659084601742097445333442
14896978816157668839228040896885288943487663922396
37686782846175289742237376784892813673414234096474
43987001580819792852326367592985006651920511608511
3511147575439695984060030889004968149108646901930
80628626231752514641030010491351470002082836432588
73489052518429397090195576577885455761906862794734
11055017221623045972961098269120242490853893132561
66839951424006837948202222676781852961252442780362
88585036428038239472918246865592414623173183691974
79673470166038929012129611827873869559356060108751
58208779451277410935122354520818439959635638831141
12121933551262615806863091222939651205479171355932
95703583418928119217609274363508261086336914766845
42192637312063540664475798483972216501442359488910
62396534432088452151851562286324294478942042919061
52267302564977953269265428142603496807407633637674
42569511992531885382366061043152932936436765178469
83411971576939595080881477873301821293644211519275
21315117912034597938592325673881585634378711566662
79595122890801495241315863491600900085505446106522
87755309044230899265385085448858614915909149231834
17514552416336821018853705948665336606806657717458
55444787543063239759666064924405949315793862801184
37065064032502597653163160467327402049754075795633
82821716603764020219353065026243885363830377061584
66024045427206863918663721402471091669526272751206
40431184271573960384065356019539179535022481387560
83102448341334412413697027877001518143376641433899
8851882157207176431296190413257242251160068466897
388491178811526505315927698771040491612445517510
51107535604810942822991074092450495772838773689408
56556560134995556675456442932223404671715698107311
46097332878809297916048968817601606624590895270078
38940177131988274297556677610273073491617175199325
5797737875427950414037257089318996397907504622430
14693496082874678156728104460879353734328594368829
41884637517892693335898215831476856903580266614646
90851328064437695894446733512028856007868692078278
76228798388423555401574854697665829051057766292617
36958656451883418369898077518547656538759898165688
13652942003518686826899285555984722197417966683314
88875232843878300772245685519917527745932297950732
89973088822961481127216008420949855904058152245143
95637570546075057302698604005985543165285435086490
31165016207295074136264741145086818108518794150803
66866378114862574067409261358306256842518076316830
81591578887067979248307832567195822390121941730220
27020874652129609558229901183339041835444338755052
20106018037134723915383435305252305524587422719082
57327106471887338576046751643617328964826742205429
50567801975823671904375691761839428561499298789724
15158977424191769192360726227775810304673967553342
76798563375249772035379908608103876041958008959821
45874336235876908820345648724560908381100426137181
46928277346580635258268039805989441959091583597866
54288605848195807806921678903353941977357449619865
48312164606383716094240633210459628925893864580406
4396608215743357430932971268316959283760726758673
40990528547372229521773875957598997655980996751637
82949502521582293679310219966405175196105517184126
20023273219058537702955801481084820192684326071751
27476913453765988835051389694664863435867548805705
18105395773743246981503496626073456714104635694654
50259549838141631555068482916787553689960739641121

empir_val0.613
theor_val 0.6079271018540267
3115.8360171318054